<!-- kv3 encoding:text:version{e21c7f3c-8a33-41c5-9977-a76d3a32aa0d} format:generic:version{7412167c-06e9-4698-aff2-e63eb59037e7} -->
{
	_class = "CRenderMesh"
	m_sceneObjects = 
	[
		{
			_class = "CSceneObjectData"
			m_vMinBounds = 
			[
				-10.140777,
				-23.301107,
				-0.157365,
			]
			m_vMaxBounds = 
			[
				7.162299,
				23.301104,
				65.708496,
			]
			m_drawCalls = 
			[
				{
					_class = "CMaterialDrawDescriptor"
					m_nPrimitiveType = "RENDER_PRIM_TRIANGLES"
					m_nBaseVertex = 0
					m_nVertexCount = 42734
					m_nStartIndex = 0
					m_nIndexCount = 51264
					m_nStartInstance = 0
					m_nInstanceCount = 0
					m_flUvDensity = 49.963066
					m_nFlags = "MESH_DRAW_FLAGS_USE_COMPRESSED_NORMAL_TANGENT"
					m_vTintColor = 
					[
						1.000000,
						1.000000,
						1.000000,
					]
					m_indexBuffer = 
					{
						_class = "RenderBufferBinding_t"
						m_hBuffer = 0
						m_nBindOffsetBytes = 0
					}
					m_material = resource:"materials/haku/main.vmat"
					m_vertexBuffers = 
					[
						{
							m_hBuffer = 0
							m_nBindOffsetBytes = 0
						},
					]
				},
				{
					_class = "CMaterialDrawDescriptor"
					m_nPrimitiveType = "RENDER_PRIM_TRIANGLES"
					m_nBaseVertex = 0
					m_nVertexCount = 1782
					m_nStartIndex = 0
					m_nIndexCount = 2268
					m_nStartInstance = 0
					m_nInstanceCount = 0
					m_flUvDensity = 8.891335
					m_nFlags = "MESH_DRAW_FLAGS_USE_COMPRESSED_NORMAL_TANGENT"
					m_vTintColor = 
					[
						1.000000,
						1.000000,
						1.000000,
					]
					m_indexBuffer = 
					{
						_class = "RenderBufferBinding_t"
						m_hBuffer = 1
						m_nBindOffsetBytes = 0
					}
					m_material = resource:"materials/haku/mask.vmat"
					m_vertexBuffers = 
					[
						{
							m_hBuffer = 1
							m_nBindOffsetBytes = 0
						},
					]
				},
				{
					_class = "CMaterialDrawDescriptor"
					m_nPrimitiveType = "RENDER_PRIM_TRIANGLES"
					m_nBaseVertex = 0
					m_nVertexCount = 7580
					m_nStartIndex = 0
					m_nIndexCount = 11904
					m_nStartInstance = 0
					m_nInstanceCount = 0
					m_flUvDensity = 3.942022
					m_nFlags = "MESH_DRAW_FLAGS_USE_COMPRESSED_NORMAL_TANGENT"
					m_vTintColor = 
					[
						1.000000,
						1.000000,
						1.000000,
					]
					m_indexBuffer = 
					{
						_class = "RenderBufferBinding_t"
						m_hBuffer = 2
						m_nBindOffsetBytes = 0
					}
					m_material = resource:"materials/haku/eyes.vmat"
					m_vertexBuffers = 
					[
						{
							m_hBuffer = 2
							m_nBindOffsetBytes = 0
						},
					]
				},
				{
					_class = "CMaterialDrawDescriptor"
					m_nPrimitiveType = "RENDER_PRIM_TRIANGLES"
					m_nBaseVertex = 0
					m_nVertexCount = 36
					m_nStartIndex = 0
					m_nIndexCount = 36
					m_nStartInstance = 0
					m_nInstanceCount = 0
					m_flUvDensity = 16.233444
					m_nFlags = "MESH_DRAW_FLAGS_USE_COMPRESSED_NORMAL_TANGENT"
					m_vTintColor = 
					[
						1.000000,
						1.000000,
						1.000000,
					]
					m_indexBuffer = 
					{
						_class = "RenderBufferBinding_t"
						m_hBuffer = 3
						m_nBindOffsetBytes = 0
					}
					m_material = resource:"materials/haku/senbon.vmat"
					m_vertexBuffers = 
					[
						{
							m_hBuffer = 3
							m_nBindOffsetBytes = 0
						},
					]
				},
			]
			m_vTintColor = 
			[
				0.000000,
				0.000000,
				0.000000,
				0.000000,
			]
		},
	]
	m_morphSet = null
	m_constraints = 
	[
	]
	m_skeleton = 
	{
		_class = "CRenderSkeleton"
		m_bones = 
		[
			{
				_class = "RenderSkeletonBone_t"
				m_boneName = "root ground"
				m_parentName = ""
				m_invBindPose = 
				[
					0.000443,
					0.000443,
					1.000000,
					-0.000000,
					-0.000066,
					1.000000,
					-0.000443,
					-0.000000,
					-1.000000,
					-0.000066,
					0.000443,
					-0.000000,
				]
				m_bbox = 
				{
					_class = "SkeletonBoneBbox_t"
					m_vecCenter = 
					[
						0.000000,
						0.000000,
						0.000000,
					]
					m_pad0 = 0.000000
					m_vecSize = 
					[
						0.000000,
						0.000000,
						0.000000,
					]
					m_pad1 = 0.000000
				}
				m_flSphereRadius = 0.000000
			},
			{
				_class = "RenderSkeletonBone_t"
				m_boneName = "pelvis"
				m_parentName = "root ground"
				m_invBindPose = 
				[
					0.541992,
					-0.049365,
					0.838932,
					-27.663029,
					-0.000040,
					0.998272,
					0.058767,
					-1.957885,
					-0.840383,
					-0.031885,
					0.541054,
					-17.840769,
				]
				m_bbox = 
				{
					_class = "SkeletonBoneBbox_t"
					m_vecCenter = 
					[
						0.612873,
						-0.490622,
						-0.486365,
					]
					m_pad0 = 0.000000
					m_vecSize = 
					[
						11.168041,
						9.044466,
						9.358205,
					]
					m_pad1 = 0.000000
				}
				m_flSphereRadius = 12.107181
			},
			{
				_class = "RenderSkeletonBone_t"
				m_boneName = "spine lower"
				m_parentName = "pelvis"
				m_invBindPose = 
				[
					-0.430459,
					-0.004016,
					0.902601,
					-34.973907,
					-0.000040,
					0.999990,
					0.004430,
					-0.165198,
					-0.902610,
					0.001870,
					-0.430454,
					16.848242,
				]
				m_bbox = 
				{
					_class = "SkeletonBoneBbox_t"
					m_vecCenter = 
					[
						4.490559,
						-0.105515,
						-1.598580,
					]
					m_pad0 = 0.000000
					m_vecSize = 
					[
						8.175034,
						6.369518,
						6.562353,
					]
					m_pad1 = 0.000000
				}
				m_flSphereRadius = 13.298326
			},
			{
				_class = "RenderSkeletonBone_t"
				m_boneName = "spine upper"
				m_parentName = "spine lower"
				m_invBindPose = 
				[
					0.057277,
					0.008790,
					0.998319,
					-46.638626,
					-0.000039,
					0.999961,
					-0.008802,
					0.471759,
					-0.998358,
					0.000465,
					0.057275,
					-3.153582,
				]
				m_bbox = 
				{
					_class = "SkeletonBoneBbox_t"
					m_vecCenter = 
					[
						2.904020,
						0.546107,
						-1.654793,
					]
					m_pad0 = 0.000000
					m_vecSize = 
					[
						7.280878,
						8.378078,
						5.571294,
					]
					m_pad1 = 0.000000
				}
				m_flSphereRadius = 10.440978
			},
			{
				_class = "RenderSkeletonBone_t"
				m_boneName = "head neck lower"
				m_parentName = "spine upper"
				m_invBindPose = 
				[
					0.091251,
					0.000019,
					0.995828,
					-53.238182,
					-0.000041,
					1.000000,
					-0.000015,
					0.087996,
					-0.995828,
					-0.000039,
					0.091251,
					-5.396385,
				]
				m_bbox = 
				{
					_class = "SkeletonBoneBbox_t"
					m_vecCenter = 
					[
						2.367937,
						0.229257,
						0.064302,
					]
					m_pad0 = 0.000000
					m_vecSize = 
					[
						2.753157,
						2.870210,
						2.437150,
					]
					m_pad1 = 0.000000
				}
				m_flSphereRadius = 5.990604
			},
			{
				_class = "RenderSkeletonBone_t"
				m_boneName = "head neck upper"
				m_parentName = "head neck lower"
				m_invBindPose = 
				[
					0.933099,
					0.023708,
					0.358838,
					-20.191608,
					-0.000041,
					0.997832,
					-0.065821,
					3.827252,
					-0.359621,
					0.061402,
					0.931076,
					-52.980148,
				]
				m_bbox = 
				{
					_class = "SkeletonBoneBbox_t"
					m_vecCenter = 
					[
						0.516637,
						-0.230681,
						2.817703,
					]
					m_pad0 = 0.000000
					m_vecSize = 
					[
						6.308469,
						4.109688,
						6.666859,
					]
					m_pad1 = 0.000000
				}
				m_flSphereRadius = 9.747694
			},
			{
				_class = "RenderSkeletonBone_t"
				m_boneName = "sash a"
				m_parentName = "spine lower"
				m_invBindPose = 
				[
					-0.284083,
					-0.000024,
					-0.958800,
					38.514843,
					0.000043,
					-1.000000,
					0.000013,
					-0.000403,
					-0.958800,
					-0.000037,
					0.284083,
					-15.833284,
				]
				m_bbox = 
				{
					_class = "SkeletonBoneBbox_t"
					m_vecCenter = 
					[
						3.991607,
						-0.414617,
						-0.670115,
					]
					m_pad0 = 0.000000
					m_vecSize = 
					[
						5.008628,
						3.876678,
						1.290971,
					]
					m_pad1 = 0.000000
				}
				m_flSphereRadius = 9.481919
			},
			{
				_class = "RenderSkeletonBone_t"
				m_boneName = "hair left a"
				m_parentName = "head neck upper"
				m_invBindPose = 
				[
					-0.105379,
					-0.000018,
					-0.994432,
					60.747978,
					0.000036,
					-1.000000,
					0.000014,
					3.237248,
					-0.994432,
					-0.000034,
					0.105379,
					-4.060506,
				]
				m_bbox = 
				{
					_class = "SkeletonBoneBbox_t"
					m_vecCenter = 
					[
						1.491606,
						0.090312,
						-0.074838,
					]
					m_pad0 = 0.000000
					m_vecSize = 
					[
						2.685724,
						0.805421,
						1.554154,
					]
					m_pad1 = 0.000000
				}
				m_flSphereRadius = 4.299313
			},
			{
				_class = "RenderSkeletonBone_t"
				m_boneName = "hair right a"
				m_parentName = "head neck upper"
				m_invBindPose = 
				[
					-0.115647,
					-0.000022,
					-0.993290,
					60.650829,
					0.000045,
					-1.000000,
					0.000017,
					-3.273462,
					-0.993290,
					-0.000043,
					0.115647,
					-4.668272,
				]
				m_bbox = 
				{
					_class = "SkeletonBoneBbox_t"
					m_vecCenter = 
					[
						1.452213,
						-0.124401,
						-0.057014,
					]
					m_pad0 = 0.000000
					m_vecSize = 
					[
						2.683548,
						0.805299,
						1.547163,
					]
					m_pad1 = 0.000000
				}
				m_flSphereRadius = 4.254322
			},
			{
				_class = "RenderSkeletonBone_t"
				m_boneName = "sash b"
				m_parentName = "sash a"
				m_invBindPose = 
				[
					-0.112193,
					-0.000018,
					-0.993686,
					36.478706,
					0.000043,
					-1.000000,
					0.000013,
					-0.000403,
					-0.993686,
					-0.000041,
					0.112193,
					-9.607553,
				]
				m_bbox = 
				{
					_class = "SkeletonBoneBbox_t"
					m_vecCenter = 
					[
						2.384525,
						0.004117,
						-0.201849,
					]
					m_pad0 = 0.000000
					m_vecSize = 
					[
						5.704826,
						2.775976,
						0.740863,
					]
					m_pad1 = 0.000000
				}
				m_flSphereRadius = 8.525626
			},
			{
				_class = "RenderSkeletonBone_t"
				m_boneName = "arm right shoulder 1"
				m_parentName = "spine upper"
				m_invBindPose = 
				[
					0.000037,
					-0.912687,
					-0.408658,
					18.803764,
					0.000018,
					-0.408658,
					0.912687,
					-47.717316,
					-1.000000,
					-0.000041,
					0.000001,
					-0.000040,
				]
				m_bbox = 
				{
					_class = "SkeletonBoneBbox_t"
					m_vecCenter = 
					[
						2.292136,
						-1.616920,
						-0.228117,
					]
					m_pad0 = 0.000000
					m_vecSize = 
					[
						4.847186,
						4.395432,
						4.408641,
					]
					m_pad1 = 0.000000
				}
				m_flSphereRadius = 7.834470
			},
			{
				_class = "RenderSkeletonBone_t"
				m_boneName = "arm left shoulder 1"
				m_parentName = "spine upper"
				m_invBindPose = 
				[
					-0.000037,
					0.897289,
					-0.441444,
					20.570490,
					0.000017,
					-0.441444,
					-0.897289,
					47.214333,
					-1.000000,
					-0.000041,
					0.000001,
					-0.000026,
				]
				m_bbox = 
				{
					_class = "SkeletonBoneBbox_t"
					m_vecCenter = 
					[
						2.104169,
						1.278164,
						0.165641,
					]
					m_pad0 = 0.000000
					m_vecSize = 
					[
						5.109923,
						3.839645,
						4.014144,
					]
					m_pad1 = 0.000000
				}
				m_flSphereRadius = 7.971426
			},
			{
				_class = "RenderSkeletonBone_t"
				m_boneName = "hair left b"
				m_parentName = "hair left a"
				m_invBindPose = 
				[
					0.000010,
					-0.054229,
					-0.998529,
					58.894680,
					0.000036,
					-0.998529,
					0.054229,
					0.044381,
					-1.000000,
					-0.000036,
					-0.000008,
					2.148799,
				]
				m_bbox = 
				{
					_class = "SkeletonBoneBbox_t"
					m_vecCenter = 
					[
						0.971588,
						0.063756,
						-0.126248,
					]
					m_pad0 = 0.000000
					m_vecSize = 
					[
						2.349281,
						0.759480,
						1.478144,
					]
					m_pad1 = 0.000000
				}
				m_flSphereRadius = 3.619678
			},
			{
				_class = "RenderSkeletonBone_t"
				m_boneName = "hair right b"
				m_parentName = "hair right a"
				m_invBindPose = 
				[
					-0.000017,
					0.054724,
					-0.998501,
					58.909904,
					0.000045,
					-0.998501,
					-0.054724,
					-0.048709,
					-1.000000,
					-0.000046,
					0.000015,
					2.147497,
				]
				m_bbox = 
				{
					_class = "SkeletonBoneBbox_t"
					m_vecCenter = 
					[
						0.986790,
						-0.097454,
						-0.125953,
					]
					m_pad0 = 0.000000
					m_vecSize = 
					[
						2.349522,
						0.759549,
						1.478163,
					]
					m_pad1 = 0.000000
				}
				m_flSphereRadius = 3.639155
			},
			{
				_class = "RenderSkeletonBone_t"
				m_boneName = "sash c"
				m_parentName = "sash b"
				m_invBindPose = 
				[
					-0.142530,
					-0.000019,
					-0.989790,
					31.433199,
					0.000043,
					-1.000000,
					0.000013,
					-0.000403,
					-0.989790,
					-0.000040,
					0.142530,
					-10.573832,
				]
				m_bbox = 
				{
					_class = "SkeletonBoneBbox_t"
					m_vecCenter = 
					[
						1.138120,
						-0.000835,
						0.109932,
					]
					m_pad0 = 0.000000
					m_vecSize = 
					[
						7.174518,
						2.780928,
						0.480973,
					]
					m_pad1 = 0.000000
				}
				m_flSphereRadius = 8.702456
			},
			{
				_class = "RenderSkeletonBone_t"
				m_boneName = "arm right shoulder 2"
				m_parentName = "arm right shoulder 1"
				m_invBindPose = 
				[
					-0.047081,
					-0.710475,
					-0.702146,
					30.612839,
					0.000029,
					-0.702927,
					0.711262,
					-39.473511,
					-0.998891,
					0.033467,
					0.033115,
					-1.443794,
				]
				m_bbox = 
				{
					_class = "SkeletonBoneBbox_t"
					m_vecCenter = 
					[
						3.494450,
						-0.148333,
						0.016514,
					]
					m_pad0 = 0.000000
					m_vecSize = 
					[
						6.596294,
						3.605391,
						3.592765,
					]
					m_pad1 = 0.000000
				}
				m_flSphereRadius = 10.250275
			},
			{
				_class = "RenderSkeletonBone_t"
				m_boneName = "arm left shoulder 2"
				m_parentName = "arm left shoulder 1"
				m_invBindPose = 
				[
					-0.046523,
					0.704592,
					-0.708086,
					30.995798,
					0.000028,
					-0.708853,
					-0.705356,
					39.267242,
					-0.998917,
					-0.032835,
					0.032958,
					-1.442687,
				]
				m_bbox = 
				{
					_class = "SkeletonBoneBbox_t"
					m_vecCenter = 
					[
						3.535182,
						0.156954,
						0.012691,
					]
					m_pad0 = 0.000000
					m_vecSize = 
					[
						6.596936,
						3.632200,
						3.590313,
					]
					m_pad1 = 0.000000
				}
				m_flSphereRadius = 10.293344
			},
			{
				_class = "RenderSkeletonBone_t"
				m_boneName = "hair left c"
				m_parentName = "hair left b"
				m_invBindPose = 
				[
					0.172909,
					-0.069466,
					-0.982485,
					55.893021,
					0.000036,
					-0.997510,
					0.070535,
					-0.889014,
					-0.984938,
					-0.012231,
					-0.172476,
					11.993257,
				]
				m_bbox = 
				{
					_class = "SkeletonBoneBbox_t"
					m_vecCenter = 
					[
						1.483431,
						0.008016,
						-0.080625,
					]
					m_pad0 = 0.000000
					m_vecSize = 
					[
						2.699892,
						0.673111,
						1.337962,
					]
					m_pad1 = 0.000000
				}
				m_flSphereRadius = 4.316173
			},
			{
				_class = "RenderSkeletonBone_t"
				m_boneName = "hair right c"
				m_parentName = "hair right b"
				m_invBindPose = 
				[
					0.171586,
					0.080648,
					-0.981862,
					55.924881,
					0.000044,
					-0.996644,
					-0.081855,
					1.505579,
					-0.985169,
					0.014002,
					-0.171013,
					11.921239,
				]
				m_bbox = 
				{
					_class = "SkeletonBoneBbox_t"
					m_vecCenter = 
					[
						1.515079,
						-0.050502,
						-0.074335,
					]
					m_pad0 = 0.000000
					m_vecSize = 
					[
						2.701263,
						0.672139,
						1.336945,
					]
					m_pad1 = 0.000000
				}
				m_flSphereRadius = 4.346670
			},
			{
				_class = "RenderSkeletonBone_t"
				m_boneName = "sash d"
				m_parentName = "sash c"
				m_invBindPose = 
				[
					-0.158974,
					-0.000019,
					-0.987283,
					26.459824,
					0.000043,
					-1.000000,
					0.000013,
					-0.000403,
					-0.987283,
					-0.000040,
					0.158974,
					-11.015457,
				]
				m_bbox = 
				{
					_class = "SkeletonBoneBbox_t"
					m_vecCenter = 
					[
						1.316803,
						-0.000835,
						0.042147,
					]
					m_pad0 = 0.000000
					m_vecSize = 
					[
						5.367847,
						2.780928,
						0.460275,
					]
					m_pad1 = 0.000000
				}
				m_flSphereRadius = 7.181907
			},
			{
				_class = "RenderSkeletonBone_t"
				m_boneName = "arm right elbow"
				m_parentName = "arm right shoulder 2"
				m_invBindPose = 
				[
					-0.022463,
					-0.697940,
					-0.715803,
					22.260895,
					0.000030,
					-0.715985,
					0.698116,
					-38.936005,
					-0.999748,
					0.015661,
					0.016104,
					-0.704825,
				]
				m_bbox = 
				{
					_class = "SkeletonBoneBbox_t"
					m_vecCenter = 
					[
						4.566455,
						0.046745,
						0.103545,
					]
					m_pad0 = 0.000000
					m_vecSize = 
					[
						5.468282,
						1.942131,
						2.128609,
					]
					m_pad1 = 0.000000
				}
				m_flSphereRadius = 10.079127
			},
			{
				_class = "RenderSkeletonBone_t"
				m_boneName = "arm left elbow"
				m_parentName = "arm left shoulder 2"
				m_invBindPose = 
				[
					-0.022100,
					0.695198,
					-0.718478,
					22.422453,
					0.000028,
					-0.718653,
					-0.695369,
					38.965595,
					-0.999756,
					-0.015388,
					0.015863,
					-0.694050,
				]
				m_bbox = 
				{
					_class = "SkeletonBoneBbox_t"
					m_vecCenter = 
					[
						4.447299,
						0.066710,
						0.108043,
					]
					m_pad0 = 0.000000
					m_vecSize = 
					[
						5.329968,
						1.940790,
						2.127851,
					]
					m_pad1 = 0.000000
				}
				m_flSphereRadius = 9.869363
			},
			{
				_class = "RenderSkeletonBone_t"
				m_boneName = "hair left d"
				m_parentName = "hair left c"
				m_invBindPose = 
				[
					0.201650,
					-0.069079,
					-0.977019,
					53.729229,
					0.000036,
					-0.997510,
					0.070535,
					-0.889014,
					-0.979458,
					-0.014258,
					-0.201145,
					13.570966,
				]
				m_bbox = 
				{
					_class = "SkeletonBoneBbox_t"
					m_vecCenter = 
					[
						1.550716,
						0.040481,
						0.032488,
					]
					m_pad0 = 0.000000
					m_vecSize = 
					[
						2.064941,
						0.534265,
						1.085291,
					]
					m_pad1 = 0.000000
				}
				m_flSphereRadius = 3.753135
			},
			{
				_class = "RenderSkeletonBone_t"
				m_boneName = "hair right d"
				m_parentName = "hair right c"
				m_invBindPose = 
				[
					0.208478,
					0.080238,
					-0.974730,
					53.635422,
					0.000074,
					-0.996630,
					-0.082025,
					1.514979,
					-0.978027,
					0.017028,
					-0.207781,
					13.946203,
				]
				m_bbox = 
				{
					_class = "SkeletonBoneBbox_t"
					m_vecCenter = 
					[
						1.567410,
						-0.055063,
						0.034811,
					]
					m_pad0 = 0.000000
					m_vecSize = 
					[
						2.073563,
						0.533445,
						1.082934,
					]
					m_pad1 = 0.000000
				}
				m_flSphereRadius = 3.768278
			},
			{
				_class = "RenderSkeletonBone_t"
				m_boneName = "head jaw"
				m_parentName = "head neck upper"
				m_invBindPose = 
				[
					0.953556,
					0.000364,
					-0.301216,
					16.345337,
					0.000042,
					-1.000000,
					-0.001077,
					0.060901,
					-0.301216,
					0.001015,
					-0.953556,
					53.783081,
				]
				m_bbox = 
				{
					_class = "SkeletonBoneBbox_t"
					m_vecCenter = 
					[
						0.345729,
						0.058650,
						-0.340288,
					]
					m_pad0 = 0.000000
					m_vecSize = 
					[
						3.002340,
						2.951450,
						1.910143,
					]
					m_pad1 = 0.000000
				}
				m_flSphereRadius = 3.967510
			},
			{
				_class = "RenderSkeletonBone_t"
				m_boneName = "leg right thigh"
				m_parentName = "root ground"
				m_invBindPose = 
				[
					0.027272,
					-0.180076,
					-0.983274,
					29.700645,
					0.000145,
					-0.983640,
					0.180146,
					-8.977398,
					-0.999628,
					-0.005055,
					-0.026799,
					0.809210,
				]
				m_bbox = 
				{
					_class = "SkeletonBoneBbox_t"
					m_vecCenter = 
					[
						5.906433,
						-1.059896,
						0.499591,
					]
					m_pad0 = 0.000000
					m_vecSize = 
					[
						11.872520,
						6.001780,
						6.496202,
					]
					m_pad1 = 0.000000
				}
				m_flSphereRadius = 18.790941
			},
			{
				_class = "RenderSkeletonBone_t"
				m_boneName = "leg left thigh"
				m_parentName = "root ground"
				m_invBindPose = 
				[
					0.027220,
					0.179877,
					-0.983312,
					29.709036,
					-0.000015,
					-0.983677,
					-0.179944,
					9.012362,
					-0.999629,
					0.004912,
					-0.026773,
					0.808611,
				]
				m_bbox = 
				{
					_class = "SkeletonBoneBbox_t"
					m_vecCenter = 
					[
						6.020043,
						1.099602,
						0.499120,
					]
					m_pad0 = 0.000000
					m_vecSize = 
					[
						11.765124,
						6.004063,
						6.495430,
					]
					m_pad1 = 0.000000
				}
				m_flSphereRadius = 18.796995
			},
			{
				_class = "RenderSkeletonBone_t"
				m_boneName = "sash e"
				m_parentName = "sash d"
				m_invBindPose = 
				[
					-0.132158,
					-0.000018,
					-0.991228,
					22.213413,
					0.000043,
					-1.000000,
					0.000013,
					-0.000403,
					-0.991229,
					-0.000041,
					0.132158,
					-10.417255,
				]
				m_bbox = 
				{
					_class = "SkeletonBoneBbox_t"
					m_vecCenter = 
					[
						0.220944,
						-0.003932,
						-0.031973,
					]
					m_pad0 = 0.000000
					m_vecSize = 
					[
						4.761218,
						2.777832,
						0.441432,
					]
					m_pad1 = 0.000000
				}
				m_flSphereRadius = 5.649583
			},
			{
				_class = "RenderSkeletonBone_t"
				m_boneName = "arm right wrist"
				m_parentName = "arm right elbow"
				m_invBindPose = 
				[
					0.013457,
					-0.761353,
					-0.648198,
					9.604179,
					0.000027,
					-0.648257,
					0.761422,
					-39.996887,
					-0.999910,
					-0.010264,
					-0.008703,
					-0.277722,
				]
				m_bbox = 
				{
					_class = "SkeletonBoneBbox_t"
					m_vecCenter = 
					[
						0.359293,
						0.146214,
						-0.048131,
					]
					m_pad0 = 0.000000
					m_vecSize = 
					[
						3.401976,
						1.716122,
						1.985338,
					]
					m_pad1 = 0.000000
				}
				m_flSphereRadius = 3.844411
			},
			{
				_class = "RenderSkeletonBone_t"
				m_boneName = "arm left wrist"
				m_parentName = "arm left elbow"
				m_invBindPose = 
				[
					0.006404,
					0.756366,
					-0.654117,
					9.859571,
					0.000026,
					-0.654131,
					-0.756381,
					39.997772,
					-0.999979,
					0.004827,
					-0.004209,
					-0.335678,
				]
				m_bbox = 
				{
					_class = "SkeletonBoneBbox_t"
					m_vecCenter = 
					[
						0.303130,
						-0.059839,
						-0.028704,
					]
					m_pad0 = 0.000000
					m_vecSize = 
					[
						3.402953,
						1.715143,
						1.981887,
					]
					m_pad1 = 0.000000
				}
				m_flSphereRadius = 3.792172
			},
			{
				_class = "RenderSkeletonBone_t"
				m_boneName = "hair left e"
				m_parentName = "hair left d"
				m_invBindPose = 
				[
					0.363443,
					-0.057887,
					-0.929816,
					48.846474,
					0.000036,
					-0.998067,
					0.062149,
					-0.439103,
					-0.931616,
					-0.022621,
					-0.362739,
					22.098545,
				]
				m_bbox = 
				{
					_class = "SkeletonBoneBbox_t"
					m_vecCenter = 
					[
						0.966301,
						0.045523,
						-0.135296,
					]
					m_pad0 = 0.000000
					m_vecSize = 
					[
						2.264004,
						0.468104,
						0.930025,
					]
					m_pad1 = 0.000000
				}
				m_flSphereRadius = 3.275167
			},
			{
				_class = "RenderSkeletonBone_t"
				m_boneName = "hair right e"
				m_parentName = "hair right d"
				m_invBindPose = 
				[
					0.357486,
					0.052413,
					-0.932446,
					48.998398,
					0.000074,
					-0.998425,
					-0.056093,
					0.123026,
					-0.933918,
					0.019984,
					-0.356927,
					21.805140,
				]
				m_bbox = 
				{
					_class = "SkeletonBoneBbox_t"
					m_vecCenter = 
					[
						0.976713,
						-0.031088,
						-0.115978,
					]
					m_pad0 = 0.000000
					m_vecSize = 
					[
						2.259378,
						0.468221,
						0.928549,
					]
					m_pad1 = 0.000000
				}
				m_flSphereRadius = 3.281793
			},
			{
				_class = "RenderSkeletonBone_t"
				m_boneName = "tongue a"
				m_parentName = "head jaw"
				m_invBindPose = 
				[
					0.964250,
					0.000045,
					0.264996,
					-16.450249,
					-0.000042,
					1.000000,
					-0.000017,
					0.000588,
					-0.264996,
					0.000005,
					0.964250,
					-52.835327,
				]
				m_bbox = 
				{
					_class = "SkeletonBoneBbox_t"
					m_vecCenter = 
					[
						0.579082,
						-0.000444,
						-0.110006,
					]
					m_pad0 = 0.000000
					m_vecSize = 
					[
						0.667716,
						0.678614,
						0.352346,
					]
					m_pad1 = 0.000000
				}
				m_flSphereRadius = 1.337661
			},
			{
				_class = "RenderSkeletonBone_t"
				m_boneName = "leg right knee"
				m_parentName = "leg right thigh"
				m_invBindPose = 
				[
					-0.086583,
					-0.184291,
					-0.979050,
					16.315058,
					0.000144,
					-0.982743,
					0.184974,
					-9.057758,
					-0.996244,
					0.015875,
					0.085115,
					-1.054189,
				]
				m_bbox = 
				{
					_class = "SkeletonBoneBbox_t"
					m_vecCenter = 
					[
						4.249437,
						0.177958,
						0.253994,
					]
					m_pad0 = 0.000000
					m_vecSize = 
					[
						10.267008,
						4.851463,
						6.383238,
					]
					m_pad1 = 0.000000
				}
				m_flSphereRadius = 14.593484
			},
			{
				_class = "RenderSkeletonBone_t"
				m_boneName = "leg left knee"
				m_parentName = "leg left thigh"
				m_invBindPose = 
				[
					-0.087549,
					0.178494,
					-0.980038,
					16.359898,
					-0.000036,
					-0.983816,
					-0.179179,
					8.999627,
					-0.996160,
					-0.015652,
					0.086139,
					-1.073843,
				]
				m_bbox = 
				{
					_class = "SkeletonBoneBbox_t"
					m_vecCenter = 
					[
						4.106920,
						-0.172997,
						0.246917,
					]
					m_pad0 = 0.000000
					m_vecSize = 
					[
						10.403587,
						4.859257,
						6.382690,
					]
					m_pad1 = 0.000000
				}
				m_flSphereRadius = 14.586208
			},
			{
				_class = "RenderSkeletonBone_t"
				m_boneName = "sash f"
				m_parentName = "sash e"
				m_invBindPose = 
				[
					-0.146240,
					-0.000019,
					-0.989249,
					17.467915,
					0.000043,
					-1.000000,
					0.000013,
					-0.000403,
					-0.989249,
					-0.000040,
					0.146240,
					-10.666723,
				]
				m_bbox = 
				{
					_class = "SkeletonBoneBbox_t"
					m_vecCenter = 
					[
						2.138104,
						-0.000622,
						0.039619,
					]
					m_pad0 = 0.000000
					m_vecSize = 
					[
						4.704422,
						2.775897,
						0.365461,
					]
					m_pad1 = 0.000000
				}
				m_flSphereRadius = 7.271056
			},
			{
				_class = "RenderSkeletonBone_t"
				m_boneName = "arm right finger 4a"
				m_parentName = "arm right wrist"
				m_invBindPose = 
				[
					-0.144626,
					-0.692687,
					-0.706589,
					10.096736,
					0.000030,
					-0.714100,
					0.700044,
					-39.423180,
					-0.989486,
					0.101224,
					0.103298,
					-2.581084,
				]
				m_bbox = 
				{
					_class = "SkeletonBoneBbox_t"
					m_vecCenter = 
					[
						0.708200,
						-0.096645,
						0.026584,
					]
					m_pad0 = 0.000000
					m_vecSize = 
					[
						1.075254,
						0.458904,
						0.405403,
					]
					m_pad1 = 0.000000
				}
				m_flSphereRadius = 1.815714
			},
			{
				_class = "RenderSkeletonBone_t"
				m_boneName = "arm right finger 5a"
				m_parentName = "arm right wrist"
				m_invBindPose = 
				[
					-0.155434,
					-0.691528,
					-0.705429,
					10.104171,
					0.000030,
					-0.714111,
					0.700032,
					-39.242168,
					-0.987846,
					0.108787,
					0.111018,
					-3.385423,
				]
				m_bbox = 
				{
					_class = "SkeletonBoneBbox_t"
					m_vecCenter = 
					[
						0.473527,
						-0.021538,
						-0.018473,
					]
					m_pad0 = 0.000000
					m_vecSize = 
					[
						0.984384,
						0.401737,
						0.386586,
					]
					m_pad1 = 0.000000
				}
				m_flSphereRadius = 1.475075
			},
			{
				_class = "RenderSkeletonBone_t"
				m_boneName = "arm right finger 3a"
				m_parentName = "arm right wrist"
				m_invBindPose = 
				[
					-0.057286,
					-0.698763,
					-0.713056,
					10.214832,
					0.000030,
					-0.714230,
					0.699911,
					-39.448391,
					-0.998358,
					0.040074,
					0.040936,
					-0.969007,
				]
				m_bbox = 
				{
					_class = "SkeletonBoneBbox_t"
					m_vecCenter = 
					[
						0.702062,
						-0.067596,
						-0.011700,
					]
					m_pad0 = 0.000000
					m_vecSize = 
					[
						1.113843,
						0.492439,
						0.409046,
					]
					m_pad1 = 0.000000
				}
				m_flSphereRadius = 1.844835
			},
			{
				_class = "RenderSkeletonBone_t"
				m_boneName = "arm right finger 2a"
				m_parentName = "arm right wrist"
				m_invBindPose = 
				[
					-0.005938,
					-0.699829,
					-0.714286,
					10.224408,
					0.000030,
					-0.714299,
					0.699841,
					-39.346947,
					-0.999982,
					0.004134,
					0.004262,
					0.293323,
				]
				m_bbox = 
				{
					_class = "SkeletonBoneBbox_t"
					m_vecCenter = 
					[
						0.633533,
						-0.042028,
						0.026674,
					]
					m_pad0 = 0.000000
					m_vecSize = 
					[
						1.056717,
						0.475241,
						0.407418,
					]
					m_pad1 = 0.000000
				}
				m_flSphereRadius = 1.713989
			},
			{
				_class = "RenderSkeletonBone_t"
				m_boneName = "arm right finger 1a"
				m_parentName = "arm right wrist"
				m_invBindPose = 
				[
					0.335419,
					-0.479879,
					-0.810685,
					20.048952,
					0.000036,
					-0.860530,
					0.509400,
					-34.592701,
					-0.942069,
					-0.170891,
					-0.288620,
					7.812149,
				]
				m_bbox = 
				{
					_class = "SkeletonBoneBbox_t"
					m_vecCenter = 
					[
						1.026616,
						0.266653,
						0.417856,
					]
					m_pad0 = 0.000000
					m_vecSize = 
					[
						1.718123,
						0.905935,
						0.945829,
					]
					m_pad1 = 0.000000
				}
				m_flSphereRadius = 2.748168
			},
			{
				_class = "RenderSkeletonBone_t"
				m_boneName = "arm left finger 4a"
				m_parentName = "arm left wrist"
				m_invBindPose = 
				[
					-0.127859,
					0.688268,
					-0.714100,
					10.451673,
					0.000028,
					-0.720007,
					-0.693966,
					39.352791,
					-0.991792,
					-0.088750,
					0.092040,
					-2.471166,
				]
				m_bbox = 
				{
					_class = "SkeletonBoneBbox_t"
					m_vecCenter = 
					[
						0.686955,
						0.116280,
						0.008605,
					]
					m_pad0 = 0.000000
					m_vecSize = 
					[
						1.080984,
						0.457844,
						0.408043,
					]
					m_pad1 = 0.000000
				}
				m_flSphereRadius = 1.801045
			},
			{
				_class = "RenderSkeletonBone_t"
				m_boneName = "arm left finger 5a"
				m_parentName = "arm left wrist"
				m_invBindPose = 
				[
					-0.144407,
					0.686761,
					-0.712394,
					10.424389,
					0.000028,
					-0.719937,
					-0.694039,
					39.185326,
					-0.989518,
					-0.100244,
					0.103944,
					-3.328404,
				]
				m_bbox = 
				{
					_class = "SkeletonBoneBbox_t"
					m_vecCenter = 
					[
						0.437064,
						0.056852,
						-0.031096,
					]
					m_pad0 = 0.000000
					m_vecSize = 
					[
						0.981640,
						0.402430,
						0.384848,
					]
					m_pad1 = 0.000000
				}
				m_flSphereRadius = 1.439358
			},
			{
				_class = "RenderSkeletonBone_t"
				m_boneName = "arm left finger 2a"
				m_parentName = "arm left wrist"
				m_invBindPose = 
				[
					0.038987,
					0.693172,
					-0.719717,
					10.567621,
					0.000028,
					-0.720265,
					-0.693698,
					39.299183,
					-0.999240,
					0.027025,
					-0.028101,
					0.726540,
				]
				m_bbox = 
				{
					_class = "SkeletonBoneBbox_t"
					m_vecCenter = 
					[
						0.660497,
						0.085907,
						-0.019865,
					]
					m_pad0 = 0.000000
					m_vecSize = 
					[
						1.060014,
						0.475040,
						0.411339,
					]
					m_pad1 = 0.000000
				}
				m_flSphereRadius = 1.749384
			},
			{
				_class = "RenderSkeletonBone_t"
				m_boneName = "arm left finger 3a"
				m_parentName = "arm left wrist"
				m_invBindPose = 
				[
					-0.063474,
					0.692454,
					-0.718664,
					10.549868,
					0.000028,
					-0.720115,
					-0.693854,
					39.429031,
					-0.997983,
					-0.044062,
					0.045689,
					-1.055830,
				]
				m_bbox = 
				{
					_class = "SkeletonBoneBbox_t"
					m_vecCenter = 
					[
						0.712245,
						0.137434,
						0.019229,
					]
					m_pad0 = 0.000000
					m_vecSize = 
					[
						1.115295,
						0.491220,
						0.444532,
					]
					m_pad1 = 0.000000
				}
				m_flSphereRadius = 1.866412
			},
			{
				_class = "RenderSkeletonBone_t"
				m_boneName = "arm left finger 1a"
				m_parentName = "arm left wrist"
				m_invBindPose = 
				[
					0.323313,
					0.506165,
					-0.799541,
					19.165627,
					0.000034,
					-0.844926,
					-0.534883,
					35.188629,
					-0.946292,
					0.172908,
					-0.273193,
					7.250744,
				]
				m_bbox = 
				{
					_class = "SkeletonBoneBbox_t"
					m_vecCenter = 
					[
						1.050940,
						-0.283510,
						0.355233,
					]
					m_pad0 = 0.000000
					m_vecSize = 
					[
						1.694860,
						0.905912,
						0.864464,
					]
					m_pad1 = 0.000000
				}
				m_flSphereRadius = 2.751134
			},
			{
				_class = "RenderSkeletonBone_t"
				m_boneName = "hair left f"
				m_parentName = "hair left e"
				m_invBindPose = 
				[
					0.358856,
					-0.024738,
					-0.933065,
					46.642082,
					0.000035,
					-0.999649,
					0.026517,
					1.394132,
					-0.933393,
					-0.009549,
					-0.358729,
					21.863216,
				]
				m_bbox = 
				{
					_class = "SkeletonBoneBbox_t"
					m_vecCenter = 
					[
						1.802727,
						-0.000999,
						0.022637,
					]
					m_pad0 = 0.000000
					m_vecSize = 
					[
						2.613770,
						0.390085,
						0.687917,
					]
					m_pad1 = 0.000000
				}
				m_flSphereRadius = 4.422484
			},
			{
				_class = "RenderSkeletonBone_t"
				m_boneName = "hair right f"
				m_parentName = "hair right e"
				m_invBindPose = 
				[
					0.360268,
					0.023725,
					-0.932547,
					46.652386,
					0.000074,
					-0.999677,
					-0.025405,
					-1.456885,
					-0.932849,
					0.009084,
					-0.360153,
					21.936852,
				]
				m_bbox = 
				{
					_class = "SkeletonBoneBbox_t"
					m_vecCenter = 
					[
						1.847071,
						-0.005958,
						0.025497,
					]
					m_pad0 = 0.000000
					m_vecSize = 
					[
						2.614267,
						0.387559,
						0.687740,
					]
					m_pad1 = 0.000000
				}
				m_flSphereRadius = 4.467489
			},
			{
				_class = "RenderSkeletonBone_t"
				m_boneName = "tongue b"
				m_parentName = "tongue a"
				m_invBindPose = 
				[
					0.996559,
					0.000041,
					-0.082886,
					2.232294,
					0.000043,
					-1.000000,
					0.000019,
					-0.000729,
					-0.082886,
					-0.000023,
					-0.996559,
					55.451797,
				]
				m_bbox = 
				{
					_class = "SkeletonBoneBbox_t"
					m_vecCenter = 
					[
						-0.052119,
						0.000444,
						0.041668,
					]
					m_pad0 = 0.000000
					m_vecSize = 
					[
						0.508075,
						0.678614,
						0.257198,
					]
					m_pad1 = 0.000000
				}
				m_flSphereRadius = 0.795225
			},
			{
				_class = "RenderSkeletonBone_t"
				m_boneName = "leg right ankle"
				m_parentName = "leg right knee"
				m_invBindPose = 
				[
					0.723301,
					-0.136935,
					-0.676819,
					3.216991,
					0.000144,
					-0.980111,
					0.198451,
					-9.112425,
					-0.690533,
					-0.143637,
					-0.708895,
					2.346114,
				]
				m_bbox = 
				{
					_class = "SkeletonBoneBbox_t"
					m_vecCenter = 
					[
						2.562442,
						-0.100266,
						1.063784,
					]
					m_pad0 = 0.000000
					m_vecSize = 
					[
						5.542262,
						1.805780,
						4.086136,
					]
					m_pad1 = 0.000000
				}
				m_flSphereRadius = 8.170255
			},
			{
				_class = "RenderSkeletonBone_t"
				m_boneName = "leg left ankle"
				m_parentName = "leg left knee"
				m_invBindPose = 
				[
					0.727970,
					0.141531,
					-0.670842,
					3.143350,
					-0.000036,
					-0.978453,
					-0.206468,
					9.109381,
					-0.685609,
					0.150326,
					-0.712279,
					2.287234,
				]
				m_bbox = 
				{
					_class = "SkeletonBoneBbox_t"
					m_vecCenter = 
					[
						2.560399,
						0.104657,
						1.043120,
					]
					m_pad0 = 0.000000
					m_vecSize = 
					[
						5.540149,
						1.812253,
						4.098095,
					]
					m_pad1 = 0.000000
				}
				m_flSphereRadius = 8.161577
			},
			{
				_class = "RenderSkeletonBone_t"
				m_boneName = "sash g"
				m_parentName = "sash f"
				m_invBindPose = 
				[
					-0.127168,
					-0.000018,
					-0.991881,
					13.258145,
					0.000043,
					-1.000000,
					0.000013,
					-0.000403,
					-0.991881,
					-0.000041,
					0.127168,
					-10.413415,
				]
				m_bbox = 
				{
					_class = "SkeletonBoneBbox_t"
					m_vecCenter = 
					[
						2.636759,
						-0.000748,
						0.009303,
					]
					m_pad0 = 0.000000
					m_vecSize = 
					[
						6.784736,
						2.778023,
						0.390419,
					]
					m_pad1 = 0.000000
				}
				m_flSphereRadius = 9.779489
			},
			{
				_class = "RenderSkeletonBone_t"
				m_boneName = "arm right finger 4b"
				m_parentName = "arm right finger 4a"
				m_invBindPose = 
				[
					-0.146772,
					-0.692466,
					-0.706363,
					8.768837,
					0.000030,
					-0.714100,
					0.700044,
					-39.423180,
					-0.989170,
					0.102726,
					0.104831,
					-2.600111,
				]
				m_bbox = 
				{
					_class = "SkeletonBoneBbox_t"
					m_vecCenter = 
					[
						0.357902,
						-0.106010,
						0.002129,
					]
					m_pad0 = 0.000000
					m_vecSize = 
					[
						0.884465,
						0.314804,
						0.321491,
					]
					m_pad1 = 0.000000
				}
				m_flSphereRadius = 1.261335
			},
			{
				_class = "RenderSkeletonBone_t"
				m_boneName = "arm right finger 5b"
				m_parentName = "arm right finger 5a"
				m_invBindPose = 
				[
					-0.158772,
					-0.691274,
					-0.704934,
					9.012436,
					0.000056,
					-0.713997,
					0.700149,
					-39.243660,
					-0.987315,
					0.111125,
					0.113401,
					-3.415907,
				]
				m_bbox = 
				{
					_class = "SkeletonBoneBbox_t"
					m_vecCenter = 
					[
						0.297925,
						-0.023438,
						-0.004267,
					]
					m_pad0 = 0.000000
					m_vecSize = 
					[
						0.730846,
						0.262527,
						0.260854,
					]
					m_pad1 = 0.000000
				}
				m_flSphereRadius = 1.053762
			},
			{
				_class = "RenderSkeletonBone_t"
				m_boneName = "arm right finger 3b"
				m_parentName = "arm right finger 3a"
				m_invBindPose = 
				[
					-0.052838,
					-0.698935,
					-0.713231,
					8.877181,
					0.000030,
					-0.714230,
					0.699911,
					-39.448387,
					-0.998603,
					0.036961,
					0.037759,
					-0.929465,
				]
				m_bbox = 
				{
					_class = "SkeletonBoneBbox_t"
					m_vecCenter = 
					[
						0.367809,
						-0.067715,
						0.005501,
					]
					m_pad0 = 0.000000
					m_vecSize = 
					[
						0.918206,
						0.338711,
						0.334781,
					]
					m_pad1 = 0.000000
				}
				m_flSphereRadius = 1.311554
			},
			{
				_class = "RenderSkeletonBone_t"
				m_boneName = "arm right finger 2b"
				m_parentName = "arm right finger 2a"
				m_invBindPose = 
				[
					0.042939,
					-0.699194,
					-0.713641,
					8.948851,
					0.000030,
					-0.714299,
					0.699841,
					-39.346947,
					-0.999078,
					-0.030072,
					-0.030650,
					0.731534,
				]
				m_bbox = 
				{
					_class = "SkeletonBoneBbox_t"
					m_vecCenter = 
					[
						0.340147,
						-0.060194,
						-0.004110,
					]
					m_pad0 = 0.000000
					m_vecSize = 
					[
						0.853859,
						0.302328,
						0.309786,
					]
					m_pad1 = 0.000000
				}
				m_flSphereRadius = 1.217403
			},
			{
				_class = "RenderSkeletonBone_t"
				m_boneName = "arm right finger 1b"
				m_parentName = "arm right finger 1a"
				m_invBindPose = 
				[
					0.156957,
					-0.516279,
					-0.841914,
					18.920609,
					0.000035,
					-0.852478,
					0.522763,
					-34.898849,
					-0.987606,
					-0.082081,
					-0.133785,
					4.232141,
				]
				m_bbox = 
				{
					_class = "SkeletonBoneBbox_t"
					m_vecCenter = 
					[
						0.070520,
						0.192171,
						0.184546,
					]
					m_pad0 = 0.000000
					m_vecSize = 
					[
						1.255472,
						0.813787,
						0.624363,
					]
					m_pad1 = 0.000000
				}
				m_flSphereRadius = 1.354565
			},
			{
				_class = "RenderSkeletonBone_t"
				m_boneName = "arm left finger 4b"
				m_parentName = "arm left finger 4a"
